20  20 5
63 24 332 255 522 344 45 632 560 766 534 691 509 321 211 842 148 525 595 371
773 162 168 363 625 415 512 70 405 492 371 133 174 709 126 497 482 382 768 791
64 387 35 733 144 342 21 308 37 767 519 678 474 7 214 641 131 325 792 757
310 221 497 259 722 838 119 487 79 851 915 823 838 764 649 140 265 526 385 992
94 352 727 40 601 479 879 909 736 372 830 814 867 413 757 192 227 882 623 944
273 528 45 80 18 59 160 752 242 815 895 79 264 784 665 307 193 579 213 605
79 597 856 592 210 618 687 51 983 144 685 149 417 173 304 321 213 727 855 202
211 139 494 161 194 863 518 652 754 292 454 577 344 406 911 236 637 838 174 365
64 994 859 637 862 299 418 715 415 823 991 842 162 104 248 701 684 293 669 742
413 352 123 546 491 272 770 377 139 823 692 69 157 399 199 970 352 792 540 69
622 237 328 119 321 536 339 340 774 75 80 30 529 177 700 408 97 499 179 208
869 7 903 204 727 159 962 729 560 598 406 832 916 456 130 434 303 10 840 821
585 39 605 999 622 629 713 930 745 992 616 409 442 37 752 290 13 905 444 524
853 35 871 859 152 32 861 282 421 14 407 601 12 387 446 383 141 790 578 289
99 717 602 451 866 777 375 414 871 871 676 755 759 713 913 415 35 885 793 112
914 20 352 239 567 381 697 942 461 490 598 836 832 780 857 599 614 539 491 377
397 352 124 541 271 383 394 636 44 999 861 699 718 948 802 936 3 351 494 229
886 707 430 260 999 43 837 604 316 619 942 314 536 13 826 99 772 549 763 65
203 190 578 76 162 934 543 836 919 759 247 52 416 936 314 960 128 508 269 11
535 993 918 74 7 812 23 133 574 394 356 423 848 106 120 531 36 330 477 954
