1000000 1000
404555 410212
503496 511815
74755 76845
56706 61517
74480 74754
9246 15228
1304 4784
708146 714934
255 1303
74389 74479
881015 889792
597579 603095
522903 528866
190408 199287
40321 48032
26460 33373
48261 52355
546136 555194
5471 9245
515481 522340
52589 56705
578703 587276
514274 515480
540472 542748
254 254
589530 592581
48201 48260
544186 546135
21150 22217
20507 21149
543592 544185
522466 522902
522426 522465
19107 20506
565064 574241
998023 998635
574478 578702
556386 557932
5212 5470
64780 72987
137494 138084
52560 52588
147726 150135
5096 5211
174510 181356
243 253
157713 159151
543486 543591
145701 147725
593743 597578
466836 476183
129699 137493
555447 556385
78319 86024
522345 522425
543369 543485
74113 74388
232719 241012
5072 5095
522342 522344
77987 78318
48175 48200
645437 652599
914194 918932
689554 697411
62392 64779
967550 975454
418471 426043
999491 1000000
410864 411542
138534 141703
905906 908989
183267 187458
410690 410863
153230 157712
555330 555446
230038 232718
144607 145700
866672 873070
645228 645436
138486 138533
876490 876947
212083 217368
483920 493113
555202 555329
701490 703719
417580 418470
574411 574477
52462 52559
700857 701489
138115 138485
37228 38952
852589 854077
202 242
574259 574410
24389 26459
4887 5071
52371 52461
77416 77986
880973 881014
512273 514273
786874 794357
536055 540471
203038 208966
77268 77415
763385 767284
209889 210427
217710 218327
921058 929538
911721 914193
61874 62391
931378 933620
4811 4886
217373 217709
73136 74112
173884 174509
209590 209888
592899 593742
478349 482060
982597 990405
428951 431707
209238 209589
40108 40320
459437 465366
48071 48174
188133 190407
931248 931377
564158 565063
560747 564157
18111 19106
52366 52370
209007 209237
34692 37227
22775 24388
217372 217372
182333 183266
22594 22774
208982 209006
181908 182332
511983 512272
226579 229008
217371 217371
483707 483919
954703 954972
995068 996388
17767 17857
138086 138114
181624 181907
22266 22593
181361 181623
958586 962365
574248 574258
738481 748071
892208 900760
574242 574247
980977 982596
410352 410689
880057 880972
17880 18110
980546 980976
555198 555201
940809 950745
229879 230037
905369 905905
211096 212082
936436 938207
780738 786873
939058 940808
903811 905368
457027 459436
697688 698951
15385 17766
902358 903277
823835 832046
218518 220461
822305 823834
415149 416967
842794 848824
558146 560746
705123 708145
223653 226578
555196 555197
210710 211095
477261 478348
626227 634712
643149 645227
187887 188132
466207 466835
873295 876489
555195 555195
605116 611918
929939 931247
592729 592898
181358 181360
996530 998022
104083 106593
222410 223652
700174 700856
873090 873294
699505 700173
15282 15384
850397 852588
48035 48070
4795 4810
938689 939057
496196 498227
410285 410351
410233 410284
201177 201976
428418 428950
73006 73135
878033 880056
697603 697687
427364 428417
17873 17879
73003 73005
934027 936435
703856 705122
699193 699504
502361 503495
172438 173883
978214 980545
494506 496195
614954 618009
965988 967549
22251 22265
414465 415148
393034 394080
903497 903810
465636 466206
138085 138085
98358 100207
929651 929938
208976 208981
903288 903496
477121 477260
171970 172437
92309 93081
999180 999490
727785 736507
143792 144606
208971 208975
614703 614953
542835 543368
522341 522341
919652 921057
217370 217370
17861 17872
187669 187886
557936 558145
837230 842793
447991 450690
22219 22250
152583 153229
91749 92308
977869 978213
859330 860567
938300 938688
908990 911720
877147 878032
417326 417579
832671 837229
202524 202655
76859 77267
110221 116873
557933 557935
613750 614702
181357 181357
535729 536054
873082 873089
221526 222409
385825 390547
54 201
33461 34691
455923 457026
76855 76858
877132 877146
33421 33460
938245 938299
72995 73002
771401 776251
39547 40107
76850 76854
996518 996529
391723 393033
854720 859329
737951 738480
877053 877131
873075 873081
903283 903287
411544 414464
873074 873074
96838 98357
417303 417325
929553 929650
17858 17860
715470 716525
903281 903282
476456 477120
202418 202523
72991 72994
86232 91748
396402 404554
453546 455922
698993 699192
933942 934026
202106 202417
501909 502360
103873 104082
15269 15281
52357 52365
638811 642216
108221 110220
957057 958585
530533 532100
873073 873073
890942 892207
493599 494505
998887 999179
698959 698992
592625 592728
482225 483706
208970 208970
390697 390739
877035 877052
208969 208969
812824 820638
200247 201176
202752 203037
832501 832670
187664 187668
933721 933941
963511 965987
210709 210709
588285 589529
962661 963510
208967 208968
821327 822304
217369 217369
33416 33420
873072 873072
61614 61873
861243 865343
992601 995067
642317 643148
4794 4794
451986 453545
86045 86231
150737 152582
410224 410232
929541 929552
202032 202105
652872 661489
426044 427363
199402 200246
61582 61613
530268 530532
703757 703855
933652 933720
938214 938244
199369 199401
76849 76849
625124 626226
32 53
445891 447990
955506 957056
777369 780737
612873 613749
465398 465635
697496 697602
501701 501908
938208 938210
998801 998886
542796 542834
919589 919651
221242 221525
533531 535728
4785 4793
861000 861242
15239 15268
698957 698958
991087 992600
199353 199368
768437 771400
410216 410223
476251 476455
832408 832500
416999 417302
977687 977868
933623 933651
620040 625123
933621 933622
150284 150736
391040 391722
529493 530140
903280 903280
493356 493598
530141 530267
873071 873071
592596 592624
465369 465397
849719 850396
797600 806462
451284 451985
860855 860999
604972 605115
482085 482224
220866 221241
390875 391039
776715 776922
119162 119295
38971 39546
210564 210708
938212 938213
411543 411543
901407 902357
410214 410215
542775 542795
832249 832407
150205 150283
96613 96837
410213 410213
201995 202031
416976 416998
493261 493333
33379 33415
201987 201994
529284 529492
890401 890941
703734 703756
390770 390874
141810 143791
990691 991086
210520 210563
390599 390696
809551 810768
854441 854719
476197 476250
962554 962660
542765 542774
482076 482084
390759 390769
532343 533530
767508 768436
635892 637233
642267 642316
642251 642266
52356 52356
210442 210519
642218 642250
482067 482075
529076 529283
465367 465368
767296 767507
703721 703733
998675 998800
865444 866671
416973 416975
529042 529075
76847 76848
476187 476196
542761 542764
61524 61581
218346 218517
998667 998674
951966 954702
652664 652871
777178 777368
767288 767295
187546 187663
511980 511982
919032 919588
390748 390758
996404 996517
220658 220865
33374 33378
811918 812823
187501 187545
808682 809550
493195 493260
542756 542760
501158 501700
996390 996403
187500 187500
61518 61523
587478 588284
612359 612872
187461 187499
703720 703720
390746 390747
776288 776714
821031 821326
141777 141809
86028 86044
797324 797599
698954 698956
482064 482066
996389 996389
201977 201986
637563 638810
697477 697495
962501 962553
76846 76846
532154 532342
811635 811917
38959 38970
445104 445890
7 31
865439 865443
100471 103872
390744 390745
528970 529041
890168 890400
860752 860854
1 6
860643 860751
202728 202751
532103 532114
150174 150204
820741 821030
187459 187460
150155 150173
220480 220657
951681 951965
678192 686422
532131 532153
532122 532130
876982 877034
442342 445103
938211 938211
266335 268992
642217 642217
95616 96612
918948 919031
592583 592595
210430 210441
390742 390743
652625 652663
22218 22218
199294 199352
612037 612358
220471 220479
86027 86027
811344 811634
86026 86026
498608 500809
975508 977686
482062 482063
86025 86025
592582 592582
900770 901406
635000 635891
776287 776287
450815 451283
229837 229878
688791 689553
876972 876981
317649 318519
820663 820740
854385 854440
820647 820662
72990 72990
210429 210429
767286 767287
820646 820646
542750 542755
94363 95615
202684 202727
498388 498607
634882 634999
750210 752841
955200 955505
416972 416972
390580 390598
342445 351774
618589 620039
618484 618588
767285 767285
167169 171515
697428 697476
100402 100470
865406 865438
951336 951680
118570 119161
141761 141776
990597 990690
668664 671774
220465 220470
929540 929540
618197 618483
118387 118569
854258 854384
832131 832248
390740 390741
229295 229836
107447 108220
366892 376834
604548 604971
385672 385824
450697 450814
718241 718245
450694 450696
736567 737950
121577 129306
998645 998666
93388 94362
929539 929539
100286 100401
482061 482061
493345 493355
675201 675201
714975 715469
990587 990596
500827 501157
634801 634881
511870 511979
698953 698953
15237 15238
962423 962500
199288 199293
832064 832130
171867 171969
500817 500826
860626 860642
962387 962422
900767 900769
807507 808681
865364 865405
265953 266334
141726 141760
611960 612036
975466 975507
698952 698952
900765 900766
777040 777177
48034 48034
777034 777039
416968 416971
528948 528969
755391 762285
306585 306640
807306 807483
450693 450693
72988 72989
848893 849718
811014 811343
634774 634800
618182 618196
688203 688790
697421 697427
150136 150154
380304 385671
100222 100285
876961 876971
900763 900764
918942 918947
587399 587477
493190 493194
202682 202683
171518 171866
390572 390579
810863 811013
378120 380303
390566 390571
719874 722649
587306 587398
820641 820645
498365 498387
532116 532121
776252 776286
542749 542749
38958 38958
794603 797323
38954 38957
289608 291047
100216 100221
493138 493189
618011 618181
532102 532102
317182 317648
618010 618010
141713 141725
159726 167168
672757 672870
667830 668663
202672 202681
950965 951335
962383 962386
450692 450692
807489 807506
450691 450691
48033 48033
476185 476186
865363 865363
436647 440479
749675 750209
810841 810862
962368 962382
218342 218345
229156 229294
476184 476184
918934 918941
441679 442341
117504 118386
171517 171517
141712 141712
528932 528947
848856 848892
848838 848855
794545 794602
377769 378119
736519 736566
100213 100215
312140 317181
652603 652624
38953 38953
394807 396401
736511 736518
210428 210428
321623 331023
390560 390565
292714 295164
532115 532115
865361 865362
511838 511869
990483 990586
498271 498364
511818 511837
93358 93387
159188 159725
100210 100212
319234 321622
652600 652602
511817 511817
950758 950964
753795 754365
832062 832063
141706 141711
202671 202671
611927 611959
119539 121576
202664 202670
832055 832061
736509 736510
719872 719873
776995 777033
603271 604547
832051 832054
854227 854257
202663 202663
229153 229155
218336 218341
686909 688202
284421 286641
918933 918933
498242 498270
119366 119538
865359 865360
220462 220464
318762 319233
493344 493344
440817 441678
865352 865358
854219 854226
975458 975465
377304 377768
697419 697420
100208 100209
876956 876960
141704 141705
511816 511816
218335 218335
229073 229152
493124 493137
674395 674621
634737 634773
810775 810840
119311 119365
528918 528931
719263 719871
299250 306584
776980 776994
832049 832050
890026 890167
975455 975457
159171 159187
672479 672756
500816 500816
950754 950757
903279 903279
93180 93357
724105 727784
717028 718240
432957 436646
611926 611926
998638 998644
299153 299249
667290 667829
810772 810774
129652 129698
950750 950753
832047 832048
990463 990482
229023 229072
365611 366891
674954 675200
93165 93179
291196 292713
672999 674394
806726 807305
202661 202662
119302 119310
990449 990462
762514 763384
675610 678191
675279 675609
291107 291195
900762 900762
93143 93164
611924 611925
390548 390559
860615 860625
357331 357757
722759 724104
955194 955199
291106 291106
532101 532101
93082 93142
794368 794544
718275 719262
718269 718274
810770 810771
500811 500815
119298 119301
865348 865351
229019 229022
291071 291105
637356 637562
272747 273766
611920 611923
806691 806725
202657 202660
15232 15236
440634 440816
440506 440633
171516 171516
528903 528917
776974 776979
810769 810769
900761 900761
500810 500810
634716 634736
854133 854218
202656 202656
634713 634715
962366 962367
686544 686908
686528 686543
440500 440505
722679 722758
794365 794367
307434 312139
806688 806690
339746 342444
129330 129651
129315 129329
159160 159170
361776 365610
686510 686527
288908 289607
748555 749674
716966 717027
229013 229018
440491 440499
331044 339745
611919 611919
820640 820640
865345 865347
440488 440490
637311 637355
358394 361775
229012 229012
318672 318761
498241 498241
722678 722678
807487 807488
762300 762513
794363 794364
794358 794362
848834 848837
318634 318671
820639 820639
331041 331043
697413 697418
990419 990448
603154 603270
697412 697412
722658 722677
998637 998637
736508 736508
950748 950749
776954 776973
432417 432956
674859 674953
672922 672998
318611 318633
493117 493123
672873 672921
331029 331040
672242 672478
955121 955193
260023 260061
714967 714974
637285 637310
955003 955120
119297 119297
355489 356495
950746 950747
261972 265752
686491 686509
806535 806687
672871 672872
854119 854132
722657 722657
754738 755390
218334 218334
674787 674858
394536 394806
318575 318610
119296 119296
129308 129314
587292 587305
229010 229011
806481 806534
666966 667289
674734 674786
117135 117503
990407 990418
129307 129307
716726 716965
671960 672241
269440 272123
671952 671959
331025 331028
318533 318574
998636 998636
860614 860614
903278 903278
876955 876955
498236 498240
493342 493343
331024 331024
528879 528902
718253 718268
876952 876954
394081 394386
762291 762299
218330 218333
528876 528878
716666 716725
377116 377303
990406 990406
748252 748554
229009 229009
587285 587291
357831 358393
318524 318532
776934 776953
307059 307433
493334 493341
440487 440487
748198 748251
686434 686490
394501 394535
15230 15231
117029 117134
116896 117028
356618 357330
493115 493116
587280 587284
218328 218329
431760 432416
159158 159159
890007 890025
356526 356617
353449 355094
666927 666965
107410 107446
394418 394500
15229 15229
587278 587279
440483 440486
355194 355488
318520 318523
431759 431759
954990 955002
291066 291070
748116 748197
269239 269439
664720 666926
